http://openstudy.com/study#/updates/50037f89e4b0848ddd694f98


> A = c(3,2,4,2,0,2,4,2,3)
> dim(A) = c(3,3)
> A
     [,1] [,2] [,3]
[1,]    3    2    4
[2,]    2    0    2
[3,]    4    2    3
> eigen(A)
$values
[1]  8 -1 -1

$vectors
          [,1]       [,2]       [,3]
[1,] 0.6666667  0.7453560  0.0000000
[2,] 0.3333333 -0.2981424 -0.8944272
[3,] 0.6666667 -0.5962848  0.4472136
> result = eigen(A)
> S = result$vectors
> S
          [,1]       [,2]       [,3]
[1,] 0.6666667  0.7453560  0.0000000
[2,] 0.3333333 -0.2981424 -0.8944272
[3,] 0.6666667 -0.5962848  0.4472136
> solve(S)
          [,1]       [,2]       [,3]
[1,] 0.6666667  0.3333333  0.6666667
[2,] 0.7453560 -0.2981424 -0.5962848
[3,] 0.0000000 -0.8944272  0.4472136
> Si = solve(S)
> Si
          [,1]       [,2]       [,3]
[1,] 0.6666667  0.3333333  0.6666667
[2,] 0.7453560 -0.2981424 -0.5962848
[3,] 0.0000000 -0.8944272  0.4472136
> L = diag(result$values)
> L
     [,1] [,2] [,3]
[1,]    8    0    0
[2,]    0   -1    0
[3,]    0    0   -1
> S %*% L %*% Si
     [,1]         [,2] [,3]
[1,]    3 2.000000e+00    4
[2,]    2 1.776357e-15    2
[3,]    4 2.000000e+00    3
> u = S[,1]
> u
[1] 0.6666667 0.3333333 0.6666667
> v = S[,2]
> w = S[,3]
> u %*% v
             [,1]
[1,] 2.775558e-16
> v %*% w
              [,1]
[1,] -1.110223e-16
> u %*% w
             [,1]
[1,] 5.551115e-17
